// Generated definitions

const int nlev[1] = {21};

const int nrad[1] = {20};

const double energy[21] = {0.0, 2.9750095, 8.9249613, 17.8497228, 29.7490978, 44.6228207, 62.4705583, 83.2919133, 107.0864217, 133.8535527, 163.5927092, 196.3032272, 231.973219, 270.6213532, 312.2380145, 356.8222422, 404.3730093, 454.8892224, 508.3697222, 564.8132827, 624.218612};

const double weight[21] = {1.0, 3.0, 5.0, 7.0, 9.0, 11.0, 13.0, 15.0, 17.0, 19.0, 21.0, 23.0, 25.0, 27.0, 29.0, 31.0, 33.0, 35.0, 37.0, 39.0, 41.0};

const int irad[20] = {2, 3, 4, 5, 6, 7, 8, 9, 10, 11, 12, 13, 14, 15, 16, 17, 18, 19, 20, 21};

const int jrad[20] = {1, 2, 3, 4, 5, 6, 7, 8, 9, 10, 11, 12, 13, 14, 15, 16, 17, 18, 19, 20};

const double frequency[21][21] = {{0.0, 4.48985592809e+26, 1.34694663667e+27, 2.69386311971e+27, 4.48970543162e+27, 6.7344334883e+27, 9.42799700352e+27, 1.25703360171e+28, 1.61613805027e+28, 2.02010503525e+28, 2.46892554526e+28, 2.96258955929e+28, 3.50091766929e+28, 4.08419162e+28, 4.71226629824e+28, 5.3851272052e+28, 6.1027588415e+28, 6.86514470565e+28, 7.67226730161e+28, 8.5241081267e+28, 9.42064768369e+28}, {4.48985592809e+26, 0.0, 8.97961043858e+26, 2.2448775269e+27, 4.04071983881e+27, 6.28544789549e+27, 8.97901141071e+27, 1.21213504243e+28, 1.57123949099e+28, 1.97520647597e+28, 2.42402698598e+28, 2.917691e+28, 3.45601911001e+28, 4.03929306072e+28, 4.66736773896e+28, 5.34022864591e+28, 6.05786028221e+28, 6.82024614637e+28, 7.62736874233e+28, 8.47920956742e+28, 9.37574912441e+28}, {1.34694663667e+27, 8.97961043858e+26, 0.0, 1.34691648304e+27, 3.14275879495e+27, 5.38748685163e+27, 8.08105036685e+27, 1.12233893805e+28, 1.48144338661e+28, 1.88541037158e+28, 2.33423088159e+28, 2.82789489562e+28, 3.36622300562e+28, 3.94949695634e+28, 4.57757163457e+28, 5.25043254153e+28, 5.96806417783e+28, 6.73045004198e+28, 7.53757263794e+28, 8.38941346303e+28, 9.28595302002e+28}, {2.69386311971e+27, 2.2448775269e+27, 1.34691648304e+27, 0.0, 1.79584231191e+27, 4.04057036859e+27, 6.73413388381e+27, 9.87647289744e+27, 1.3467517383e+28, 1.75071872328e+28, 2.19953923329e+28, 2.69320324731e+28, 3.23153135732e+28, 3.81480530803e+28, 4.44287998627e+28, 5.11574089322e+28, 5.83337252952e+28, 6.59575839368e+28, 7.40288098964e+28, 8.25472181473e+28, 9.15126137172e+28}, {4.48970543162e+27, 4.04071983881e+27, 3.14275879495e+27, 1.79584231191e+27, 0.0, 2.24472805668e+27, 4.9382915719e+27, 8.08063058553e+27, 1.16716750711e+28, 1.57113449209e+28, 2.0199550021e+28, 2.51361901612e+28, 3.05194712613e+28, 3.63522107684e+28, 4.26329575507e+28, 4.93615666203e+28, 5.65378829833e+28, 6.41617416249e+28, 7.22329675844e+28, 8.07513758354e+28, 8.97167714053e+28}, {6.7344334883e+27, 6.28544789549e+27, 5.38748685163e+27, 4.04057036859e+27, 2.24472805668e+27, 0.0, 2.69356351522e+27, 5.83590252885e+27, 9.42694701445e+27, 1.34666168642e+28, 1.79548219643e+28, 2.28914621046e+28, 2.82747432046e+28, 3.41074827117e+28, 4.03882294941e+28, 4.71168385637e+28, 5.42931549267e+28, 6.19170135682e+28, 6.99882395278e+28, 7.85066477787e+28, 8.74720433486e+28}, {9.42799700352e+27, 8.97901141071e+27, 8.08105036685e+27, 6.73413388381e+27, 4.9382915719e+27, 2.69356351522e+27, 0.0, 3.14233901363e+27, 6.73338349923e+27, 1.0773053349e+28, 1.52612584491e+28, 2.01978985893e+28, 2.55811796894e+28, 3.14139191965e+28, 3.76946659788e+28, 4.44232750484e+28, 5.15995914114e+28, 5.9223450053e+28, 6.72946760125e+28, 7.58130842635e+28, 8.47784798334e+28}, {1.25703360171e+28, 1.21213504243e+28, 1.12233893805e+28, 9.87647289744e+27, 8.08063058553e+27, 5.83590252885e+27, 3.14233901363e+27, 0.0, 3.5910444856e+27, 7.63071433534e+27, 1.21189194355e+28, 1.70555595757e+28, 2.24388406758e+28, 2.82715801829e+28, 3.45523269652e+28, 4.12809360348e+28, 4.84572523978e+28, 5.60811110393e+28, 6.41523369989e+28, 7.26707452498e+28, 8.16361408198e+28}, {1.61613805027e+28, 1.57123949099e+28, 1.48144338661e+28, 1.3467517383e+28, 1.16716750711e+28, 9.42694701445e+27, 6.73338349923e+27, 3.5910444856e+27, 0.0, 4.03966984974e+27, 8.52787494986e+27, 1.34645150901e+28, 1.88477961902e+28, 2.46805356973e+28, 3.09612824796e+28, 3.76898915492e+28, 4.48662079122e+28, 5.24900665537e+28, 6.05612925133e+28, 6.90797007642e+28, 7.80450963342e+28}, {2.02010503525e+28, 1.97520647597e+28, 1.88541037158e+28, 1.75071872328e+28, 1.57113449209e+28, 1.34666168642e+28, 1.0773053349e+28, 7.63071433534e+27, 4.03966984974e+27, 0.0, 4.48820510012e+27, 9.42484524037e+27, 1.48081263404e+28, 2.06408658476e+28, 2.69216126299e+28, 3.36502216995e+28, 4.08265380625e+28, 4.8450396704e+28, 5.65216226636e+28, 6.50400309145e+28, 7.40054264844e+28}, {2.46892554526e+28, 2.42402698598e+28, 2.33423088159e+28, 2.19953923329e+28, 2.0199550021e+28, 1.79548219643e+28, 1.52612584491e+28, 1.21189194355e+28, 8.52787494986e+27, 4.48820510012e+27, 0.0, 4.93664014025e+27, 1.03199212403e+28, 1.61526607474e+28, 2.24334075298e+28, 2.91620165994e+28, 3.63383329624e+28, 4.39621916039e+28, 5.20334175635e+28, 6.05518258144e+28, 6.95172213843e+28}, {2.96258955929e+28, 2.917691e+28, 2.82789489562e+28, 2.69320324731e+28, 2.51361901612e+28, 2.28914621046e+28, 2.01978985893e+28, 1.70555595757e+28, 1.34645150901e+28, 9.42484524037e+27, 4.93664014025e+27, 0.0, 5.38328110005e+27, 1.12160206072e+28, 1.74967673895e+28, 2.42253764591e+28, 3.14016928221e+28, 3.90255514636e+28, 4.70967774232e+28, 5.56151856741e+28, 6.45805812441e+28}, {3.50091766929e+28, 3.45601911001e+28, 3.36622300562e+28, 3.23153135732e+28, 3.05194712613e+28, 2.82747432046e+28, 2.55811796894e+28, 2.24388406758e+28, 1.88477961902e+28, 1.48081263404e+28, 1.03199212403e+28, 5.38328110005e+27, 0.0, 5.83273950714e+27, 1.21134862895e+28, 1.88420953591e+28, 2.60184117221e+28, 3.36422703636e+28, 4.17134963232e+28, 5.02319045741e+28, 5.9197300144e+28}, {4.08419162e+28, 4.03929306072e+28, 3.94949695634e+28, 3.81480530803e+28, 3.63522107684e+28, 3.41074827117e+28, 3.14139191965e+28, 2.82715801829e+28, 2.46805356973e+28, 2.06408658476e+28, 1.61526607474e+28, 1.12160206072e+28, 5.83273950714e+27, 0.0, 6.28074678233e+27, 1.30093558519e+28, 2.01856722149e+28, 2.78095308564e+28, 3.5880756816e+28, 4.43991650669e+28, 5.33645606369e+28}, {4.71226629824e+28, 4.66736773896e+28, 4.57757163457e+28, 4.44287998627e+28, 4.26329575507e+28, 4.03882294941e+28, 3.76946659788e+28, 3.45523269652e+28, 3.09612824796e+28, 2.69216126299e+28, 2.24334075298e+28, 1.74967673895e+28, 1.21134862895e+28, 6.28074678233e+27, 0.0, 6.72860906959e+27, 1.39049254326e+28, 2.15287840741e+28, 2.96000100337e+28, 3.81184182846e+28, 4.70838138545e+28}, {5.3851272052e+28, 5.34022864591e+28, 5.25043254153e+28, 5.11574089322e+28, 4.93615666203e+28, 4.71168385637e+28, 4.44232750484e+28, 4.12809360348e+28, 3.76898915492e+28, 3.36502216995e+28, 2.91620165994e+28, 2.42253764591e+28, 1.88420953591e+28, 1.30093558519e+28, 6.72860906959e+27, 0.0, 7.176316363e+27, 1.48001750045e+28, 2.28714009641e+28, 3.1389809215e+28, 4.03552047849e+28}, {6.1027588415e+28, 6.05786028221e+28, 5.96806417783e+28, 5.83337252952e+28, 5.65378829833e+28, 5.42931549267e+28, 5.15995914114e+28, 4.84572523978e+28, 4.48662079122e+28, 4.08265380625e+28, 3.63383329624e+28, 3.14016928221e+28, 2.60184117221e+28, 2.01856722149e+28, 1.39049254326e+28, 7.176316363e+27, 0.0, 7.62385864152e+27, 1.56950846011e+28, 2.4213492852e+28, 3.3178888422e+28}, {6.86514470565e+28, 6.82024614637e+28, 6.73045004198e+28, 6.59575839368e+28, 6.41617416249e+28, 6.19170135682e+28, 5.9223450053e+28, 5.60811110393e+28, 5.24900665537e+28, 4.8450396704e+28, 4.39621916039e+28, 3.90255514636e+28, 3.36422703636e+28, 2.78095308564e+28, 2.15287840741e+28, 1.48001750045e+28, 7.62385864152e+27, 0.0, 8.07122595959e+27, 1.65896342105e+28, 2.55550297804e+28}, {7.67226730161e+28, 7.62736874233e+28, 7.53757263794e+28, 7.40288098964e+28, 7.22329675844e+28, 6.99882395278e+28, 6.72946760125e+28, 6.41523369989e+28, 6.05612925133e+28, 5.65216226636e+28, 5.20334175635e+28, 4.70967774232e+28, 4.17134963232e+28, 3.5880756816e+28, 2.96000100337e+28, 2.28714009641e+28, 1.56950846011e+28, 8.07122595959e+27, 0.0, 8.51840825092e+27, 1.74838038208e+28}, {8.5241081267e+28, 8.47920956742e+28, 8.38941346303e+28, 8.25472181473e+28, 8.07513758354e+28, 7.85066477787e+28, 7.58130842635e+28, 7.26707452498e+28, 6.90797007642e+28, 6.50400309145e+28, 6.05518258144e+28, 5.56151856741e+28, 5.02319045741e+28, 4.43991650669e+28, 3.81184182846e+28, 3.1389809215e+28, 2.4213492852e+28, 1.65896342105e+28, 8.51840825092e+27, 0.0, 8.96539556992e+27}, {9.42064768369e+28, 9.37574912441e+28, 9.28595302002e+28, 9.15126137172e+28, 8.97167714053e+28, 8.74720433486e+28, 8.47784798334e+28, 8.16361408198e+28, 7.80450963342e+28, 7.40054264844e+28, 6.95172213843e+28, 6.45805812441e+28, 5.9197300144e+28, 5.33645606369e+28, 4.70838138545e+28, 4.03552047849e+28, 3.3178888422e+28, 2.55550297804e+28, 1.74838038208e+28, 8.96539556992e+27, 0.0}};

const double A[21][21] = {{0.0, 0.0, 0.0, 0.0, 0.0, 0.0, 0.0, 0.0, 0.0, 0.0, 0.0, 0.0, 0.0, 0.0, 0.0, 0.0, 0.0, 0.0, 0.0, 0.0, 0.0}, {4.217e-05, 0.0, 0.0, 0.0, 0.0, 0.0, 0.0, 0.0, 0.0, 0.0, 0.0, 0.0, 0.0, 0.0, 0.0, 0.0, 0.0, 0.0, 0.0, 0.0, 0.0}, {0.0, 0.0004048, 0.0, 0.0, 0.0, 0.0, 0.0, 0.0, 0.0, 0.0, 0.0, 0.0, 0.0, 0.0, 0.0, 0.0, 0.0, 0.0, 0.0, 0.0, 0.0}, {0.0, 0.0, 0.001464, 0.0, 0.0, 0.0, 0.0, 0.0, 0.0, 0.0, 0.0, 0.0, 0.0, 0.0, 0.0, 0.0, 0.0, 0.0, 0.0, 0.0, 0.0}, {0.0, 0.0, 0.0, 0.003598, 0.0, 0.0, 0.0, 0.0, 0.0, 0.0, 0.0, 0.0, 0.0, 0.0, 0.0, 0.0, 0.0, 0.0, 0.0, 0.0, 0.0}, {0.0, 0.0, 0.0, 0.0, 0.007186, 0.0, 0.0, 0.0, 0.0, 0.0, 0.0, 0.0, 0.0, 0.0, 0.0, 0.0, 0.0, 0.0, 0.0, 0.0, 0.0}, {0.0, 0.0, 0.0, 0.0, 0.0, 0.01261, 0.0, 0.0, 0.0, 0.0, 0.0, 0.0, 0.0, 0.0, 0.0, 0.0, 0.0, 0.0, 0.0, 0.0, 0.0}, {0.0, 0.0, 0.0, 0.0, 0.0, 0.0, 0.02024, 0.0, 0.0, 0.0, 0.0, 0.0, 0.0, 0.0, 0.0, 0.0, 0.0, 0.0, 0.0, 0.0, 0.0}, {0.0, 0.0, 0.0, 0.0, 0.0, 0.0, 0.0, 0.03046, 0.0, 0.0, 0.0, 0.0, 0.0, 0.0, 0.0, 0.0, 0.0, 0.0, 0.0, 0.0, 0.0}, {0.0, 0.0, 0.0, 0.0, 0.0, 0.0, 0.0, 0.0, 0.04365, 0.0, 0.0, 0.0, 0.0, 0.0, 0.0, 0.0, 0.0, 0.0, 0.0, 0.0, 0.0}, {0.0, 0.0, 0.0, 0.0, 0.0, 0.0, 0.0, 0.0, 0.0, 0.06017, 0.0, 0.0, 0.0, 0.0, 0.0, 0.0, 0.0, 0.0, 0.0, 0.0, 0.0}, {0.0, 0.0, 0.0, 0.0, 0.0, 0.0, 0.0, 0.0, 0.0, 0.0, 0.08042, 0.0, 0.0, 0.0, 0.0, 0.0, 0.0, 0.0, 0.0, 0.0, 0.0}, {0.0, 0.0, 0.0, 0.0, 0.0, 0.0, 0.0, 0.0, 0.0, 0.0, 0.0, 0.1048, 0.0, 0.0, 0.0, 0.0, 0.0, 0.0, 0.0, 0.0, 0.0}, {0.0, 0.0, 0.0, 0.0, 0.0, 0.0, 0.0, 0.0, 0.0, 0.0, 0.0, 0.0, 0.1336, 0.0, 0.0, 0.0, 0.0, 0.0, 0.0, 0.0, 0.0}, {0.0, 0.0, 0.0, 0.0, 0.0, 0.0, 0.0, 0.0, 0.0, 0.0, 0.0, 0.0, 0.0, 0.1672, 0.0, 0.0, 0.0, 0.0, 0.0, 0.0, 0.0}, {0.0, 0.0, 0.0, 0.0, 0.0, 0.0, 0.0, 0.0, 0.0, 0.0, 0.0, 0.0, 0.0, 0.0, 0.2061, 0.0, 0.0, 0.0, 0.0, 0.0, 0.0}, {0.0, 0.0, 0.0, 0.0, 0.0, 0.0, 0.0, 0.0, 0.0, 0.0, 0.0, 0.0, 0.0, 0.0, 0.0, 0.2505, 0.0, 0.0, 0.0, 0.0, 0.0}, {0.0, 0.0, 0.0, 0.0, 0.0, 0.0, 0.0, 0.0, 0.0, 0.0, 0.0, 0.0, 0.0, 0.0, 0.0, 0.0, 0.3009, 0.0, 0.0, 0.0, 0.0}, {0.0, 0.0, 0.0, 0.0, 0.0, 0.0, 0.0, 0.0, 0.0, 0.0, 0.0, 0.0, 0.0, 0.0, 0.0, 0.0, 0.0, 0.3576, 0.0, 0.0, 0.0}, {0.0, 0.0, 0.0, 0.0, 0.0, 0.0, 0.0, 0.0, 0.0, 0.0, 0.0, 0.0, 0.0, 0.0, 0.0, 0.0, 0.0, 0.0, 0.421, 0.0, 0.0}, {0.0, 0.0, 0.0, 0.0, 0.0, 0.0, 0.0, 0.0, 0.0, 0.0, 0.0, 0.0, 0.0, 0.0, 0.0, 0.0, 0.0, 0.0, 0.0, 0.4914, 0.0}};

const double B[21][21] = {{0.0, 9.47944908208e-38, 0.0, 0.0, 0.0, 0.0, 0.0, 0.0, 0.0, 0.0, 0.0, 0.0, 0.0, 0.0, 0.0, 0.0, 0.0, 0.0, 0.0, 0.0, 0.0}, {3.15981636069e-38, 0.0, 6.31934729642e-38, 0.0, 0.0, 0.0, 0.0, 0.0, 0.0, 0.0, 0.0, 0.0, 0.0, 0.0, 0.0, 0.0, 0.0, 0.0, 0.0, 0.0, 0.0}, {0.0, 3.79160837785e-38, 0.0, 5.68856294668e-38, 0.0, 0.0, 0.0, 0.0, 0.0, 0.0, 0.0, 0.0, 0.0, 0.0, 0.0, 0.0, 0.0, 0.0, 0.0, 0.0, 0.0}, {0.0, 0.0, 4.06325924763e-38, 0.0, 5.41697071676e-38, 0.0, 0.0, 0.0, 0.0, 0.0, 0.0, 0.0, 0.0, 0.0, 0.0, 0.0, 0.0, 0.0, 0.0, 0.0, 0.0}, {0.0, 0.0, 0.0, 4.21319944637e-38, 0.0, 5.26625207084e-38, 0.0, 0.0, 0.0, 0.0, 0.0, 0.0, 0.0, 0.0, 0.0, 0.0, 0.0, 0.0, 0.0, 0.0, 0.0}, {0.0, 0.0, 0.0, 0.0, 4.30875169433e-38, 0.0, 5.17177413689e-38, 0.0, 0.0, 0.0, 0.0, 0.0, 0.0, 0.0, 0.0, 0.0, 0.0, 0.0, 0.0, 0.0, 0.0}, {0.0, 0.0, 0.0, 0.0, 0.0, 4.37611657737e-38, 0.0, 5.10451825631e-38, 0.0, 0.0, 0.0, 0.0, 0.0, 0.0, 0.0, 0.0, 0.0, 0.0, 0.0, 0.0, 0.0}, {0.0, 0.0, 0.0, 0.0, 0.0, 0.0, 4.42391582214e-38, 0.0, 5.05569265582e-38, 0.0, 0.0, 0.0, 0.0, 0.0, 0.0, 0.0, 0.0, 0.0, 0.0, 0.0, 0.0}, {0.0, 0.0, 0.0, 0.0, 0.0, 0.0, 0.0, 4.46090528455e-38, 0.0, 5.01887948631e-38, 0.0, 0.0, 0.0, 0.0, 0.0, 0.0, 0.0, 0.0, 0.0, 0.0, 0.0}, {0.0, 0.0, 0.0, 0.0, 0.0, 0.0, 0.0, 0.0, 4.49057638249e-38, 0.0, 4.98865050627e-38, 0.0, 0.0, 0.0, 0.0, 0.0, 0.0, 0.0, 0.0, 0.0, 0.0}, {0.0, 0.0, 0.0, 0.0, 0.0, 0.0, 0.0, 0.0, 0.0, 4.51354093424e-38, 0.0, 4.96516469046e-38, 0.0, 0.0, 0.0, 0.0, 0.0, 0.0, 0.0, 0.0, 0.0}, {0.0, 0.0, 0.0, 0.0, 0.0, 0.0, 0.0, 0.0, 0.0, 0.0, 4.53341123912e-38, 0.0, 4.95208100164e-38, 0.0, 0.0, 0.0, 0.0, 0.0, 0.0, 0.0, 0.0}, {0.0, 0.0, 0.0, 0.0, 0.0, 0.0, 0.0, 0.0, 0.0, 0.0, 0.0, 4.55591452151e-38, 0.0, 4.93137386483e-38, 0.0, 0.0, 0.0, 0.0, 0.0, 0.0, 0.0}, {0.0, 0.0, 0.0, 0.0, 0.0, 0.0, 0.0, 0.0, 0.0, 0.0, 0.0, 0.0, 4.56608691188e-38, 0.0, 4.91577630673e-38, 0.0, 0.0, 0.0, 0.0, 0.0, 0.0}, {0.0, 0.0, 0.0, 0.0, 0.0, 0.0, 0.0, 0.0, 0.0, 0.0, 0.0, 0.0, 0.0, 4.57675725109e-38, 0.0, 4.90479947403e-38, 0.0, 0.0, 0.0, 0.0, 0.0}, {0.0, 0.0, 0.0, 0.0, 0.0, 0.0, 0.0, 0.0, 0.0, 0.0, 0.0, 0.0, 0.0, 0.0, 4.58836079829e-38, 0.0, 4.89339987904e-38, 0.0, 0.0, 0.0, 0.0}, {0.0, 0.0, 0.0, 0.0, 0.0, 0.0, 0.0, 0.0, 0.0, 0.0, 0.0, 0.0, 0.0, 0.0, 0.0, 4.5968301894e-38, 0.0, 4.88435526984e-38, 0.0, 0.0, 0.0}, {0.0, 0.0, 0.0, 0.0, 0.0, 0.0, 0.0, 0.0, 0.0, 0.0, 0.0, 0.0, 0.0, 0.0, 0.0, 0.0, 4.60524925442e-38, 0.0, 4.8760497835e-38, 0.0, 0.0}, {0.0, 0.0, 0.0, 0.0, 0.0, 0.0, 0.0, 0.0, 0.0, 0.0, 0.0, 0.0, 0.0, 0.0, 0.0, 0.0, 0.0, 4.61247952493e-38, 0.0, 4.86883533878e-38, 0.0}, {0.0, 0.0, 0.0, 0.0, 0.0, 0.0, 0.0, 0.0, 0.0, 0.0, 0.0, 0.0, 0.0, 0.0, 0.0, 0.0, 0.0, 0.0, 4.61915147526e-38, 0.0, 4.86184928718e-38}, {0.0, 0.0, 0.0, 0.0, 0.0, 0.0, 0.0, 0.0, 0.0, 0.0, 0.0, 0.0, 0.0, 0.0, 0.0, 0.0, 0.0, 0.0, 0.0, 4.62468590732e-38, 0.0}};

const int ncoltran[1] = {210};

const int ncoltemp[1] = {4};

const int icol[210] = {2, 3, 3, 4, 4, 4, 5, 5, 5, 5, 6, 6, 6, 6, 6, 7, 7, 7, 7, 7, 7, 8, 8, 8, 8, 8, 8, 8, 9, 9, 9, 9, 9, 9, 9, 9, 10, 10, 10, 10, 10, 10, 10, 10, 10, 11, 11, 11, 11, 11, 11, 11, 11, 11, 11, 12, 12, 12, 12, 12, 12, 12, 12, 12, 12, 12, 13, 13, 13, 13, 13, 13, 13, 13, 13, 13, 13, 13, 14, 14, 14, 14, 14, 14, 14, 14, 14, 14, 14, 14, 14, 15, 15, 15, 15, 15, 15, 15, 15, 15, 15, 15, 15, 15, 15, 16, 16, 16, 16, 16, 16, 16, 16, 16, 16, 16, 16, 16, 16, 16, 17, 17, 17, 17, 17, 17, 17, 17, 17, 17, 17, 17, 17, 17, 17, 17, 18, 18, 18, 18, 18, 18, 18, 18, 18, 18, 18, 18, 18, 18, 18, 18, 18, 19, 19, 19, 19, 19, 19, 19, 19, 19, 19, 19, 19, 19, 19, 19, 19, 19, 19, 20, 20, 20, 20, 20, 20, 20, 20, 20, 20, 20, 20, 20, 20, 20, 20, 20, 20, 20, 21, 21, 21, 21, 21, 21, 21, 21, 21, 21, 21, 21, 21, 21, 21, 21, 21, 21, 21, 21};

const int jcol[210] = {1, 1, 2, 1, 2, 3, 1, 2, 3, 4, 1, 2, 3, 4, 5, 1, 2, 3, 4, 5, 6, 1, 2, 3, 4, 5, 6, 7, 1, 2, 3, 4, 5, 6, 7, 8, 1, 2, 3, 4, 5, 6, 7, 8, 9, 1, 2, 3, 4, 5, 6, 7, 8, 9, 10, 1, 2, 3, 4, 5, 6, 7, 8, 9, 10, 11, 1, 2, 3, 4, 5, 6, 7, 8, 9, 10, 11, 12, 1, 2, 3, 4, 5, 6, 7, 8, 9, 10, 11, 12, 13, 1, 2, 3, 4, 5, 6, 7, 8, 9, 10, 11, 12, 13, 14, 1, 2, 3, 4, 5, 6, 7, 8, 9, 10, 11, 12, 13, 14, 15, 1, 2, 3, 4, 5, 6, 7, 8, 9, 10, 11, 12, 13, 14, 15, 16, 1, 2, 3, 4, 5, 6, 7, 8, 9, 10, 11, 12, 13, 14, 15, 16, 17, 1, 2, 3, 4, 5, 6, 7, 8, 9, 10, 11, 12, 13, 14, 15, 16, 17, 18, 1, 2, 3, 4, 5, 6, 7, 8, 9, 10, 11, 12, 13, 14, 15, 16, 17, 18, 19, 1, 2, 3, 4, 5, 6, 7, 8, 9, 10, 11, 12, 13, 14, 15, 16, 17, 18, 19, 20};

const double C_data[4][21][21] = {{{0.0, 0.0, 0.0, 0.0, 0.0, 0.0, 0.0, 0.0, 0.0, 0.0, 0.0, 0.0, 0.0, 0.0, 0.0, 0.0, 0.0, 0.0, 0.0, 0.0, 0.0}, {2.5e-10, 0.0, 0.0, 0.0, 0.0, 0.0, 0.0, 0.0, 0.0, 0.0, 0.0, 0.0, 0.0, 0.0, 0.0, 0.0, 0.0, 0.0, 0.0, 0.0, 0.0}, {1.5e-10, 4.5e-10, 0.0, 0.0, 0.0, 0.0, 0.0, 0.0, 0.0, 0.0, 0.0, 0.0, 0.0, 0.0, 0.0, 0.0, 0.0, 0.0, 0.0, 0.0, 0.0}, {8.3e-11, 2.9e-10, 4e-10, 0.0, 0.0, 0.0, 0.0, 0.0, 0.0, 0.0, 0.0, 0.0, 0.0, 0.0, 0.0, 0.0, 0.0, 0.0, 0.0, 0.0, 0.0}, {8.3e-11, 1.6e-10, 2.9e-10, 3.8e-10, 0.0, 0.0, 0.0, 0.0, 0.0, 0.0, 0.0, 0.0, 0.0, 0.0, 0.0, 0.0, 0.0, 0.0, 0.0, 0.0, 0.0}, {2.7e-11, 1.2e-10, 1.7e-10, 2.6e-10, 2.7e-10, 0.0, 0.0, 0.0, 0.0, 0.0, 0.0, 0.0, 0.0, 0.0, 0.0, 0.0, 0.0, 0.0, 0.0, 0.0, 0.0}, {3.2e-11, 1.1e-10, 2.4e-10, 1.9e-10, 2.9e-10, 2.8e-10, 0.0, 0.0, 0.0, 0.0, 0.0, 0.0, 0.0, 0.0, 0.0, 0.0, 0.0, 0.0, 0.0, 0.0, 0.0}, {2e-11, 3e-11, 1e-10, 2e-10, 2e-10, 2.7e-10, 2.8e-10, 0.0, 0.0, 0.0, 0.0, 0.0, 0.0, 0.0, 0.0, 0.0, 0.0, 0.0, 0.0, 0.0, 0.0}, {1.5e-11, 2e-11, 3e-11, 1e-10, 2e-10, 2e-10, 2.7e-10, 2.8e-10, 0.0, 0.0, 0.0, 0.0, 0.0, 0.0, 0.0, 0.0, 0.0, 0.0, 0.0, 0.0, 0.0}, {1e-11, 1.5e-11, 2e-11, 3e-11, 1e-10, 2e-10, 2e-10, 2.7e-10, 2.8e-10, 0.0, 0.0, 0.0, 0.0, 0.0, 0.0, 0.0, 0.0, 0.0, 0.0, 0.0, 0.0}, {9e-12, 1e-11, 1.5e-11, 2e-11, 3e-11, 1e-10, 2e-10, 2e-10, 2.7e-10, 2.8e-10, 0.0, 0.0, 0.0, 0.0, 0.0, 0.0, 0.0, 0.0, 0.0, 0.0, 0.0}, {8e-12, 9e-12, 1e-11, 1.5e-11, 2e-11, 3e-11, 1e-10, 2e-10, 2e-10, 2.7e-10, 2.8e-10, 0.0, 0.0, 0.0, 0.0, 0.0, 0.0, 0.0, 0.0, 0.0, 0.0}, {7e-12, 8e-12, 9e-12, 1e-11, 1.5e-11, 2e-11, 3e-11, 1e-10, 2e-10, 2e-10, 2.7e-10, 2.8e-10, 0.0, 0.0, 0.0, 0.0, 0.0, 0.0, 0.0, 0.0, 0.0}, {6e-12, 7e-12, 8e-12, 9e-12, 1e-11, 1.5e-11, 2e-11, 3e-11, 1e-10, 2e-10, 2e-10, 2.7e-10, 2.8e-10, 0.0, 0.0, 0.0, 0.0, 0.0, 0.0, 0.0, 0.0}, {5e-12, 6e-12, 7e-12, 8e-12, 9e-12, 1e-11, 1.5e-11, 2e-11, 3e-11, 1e-10, 2e-10, 2e-10, 2.7e-10, 2.8e-10, 0.0, 0.0, 0.0, 0.0, 0.0, 0.0, 0.0}, {4.5e-12, 5e-12, 6e-12, 7e-12, 8e-12, 9e-12, 1e-11, 1.5e-11, 2e-11, 3e-11, 1e-10, 2e-10, 2e-10, 2.7e-10, 2.8e-10, 0.0, 0.0, 0.0, 0.0, 0.0, 0.0}, {4e-12, 4.5e-12, 5e-12, 6e-12, 7e-12, 8e-12, 9e-12, 1e-11, 1.5e-11, 2e-11, 3e-11, 1e-10, 2e-10, 2e-10, 2.7e-10, 2.8e-10, 0.0, 0.0, 0.0, 0.0, 0.0}, {3.5e-12, 4e-12, 4.5e-12, 5e-12, 6e-12, 7e-12, 8e-12, 9e-12, 1e-11, 1.5e-11, 2e-11, 3e-11, 1e-10, 2e-10, 2e-10, 2.7e-10, 2.8e-10, 0.0, 0.0, 0.0, 0.0}, {3e-12, 3.5e-12, 4e-12, 4.5e-12, 5e-12, 6e-12, 7e-12, 8e-12, 9e-12, 1e-11, 1.5e-11, 2e-11, 3e-11, 1e-10, 2e-10, 2e-10, 2.7e-10, 2.8e-10, 0.0, 0.0, 0.0}, {2.5e-12, 3e-12, 3.5e-12, 4e-12, 4.5e-12, 5e-12, 6e-12, 7e-12, 8e-12, 9e-12, 1e-11, 1.5e-11, 2e-11, 3e-11, 1e-10, 2e-10, 2e-10, 2.7e-10, 2.8e-10, 0.0, 0.0}, {2e-12, 2.5e-12, 3e-12, 3.5e-12, 4e-12, 4.5e-12, 5e-12, 6e-12, 7e-12, 8e-12, 9e-12, 1e-11, 1.5e-11, 2e-11, 3e-11, 1e-10, 2e-10, 2e-10, 2.7e-10, 2.8e-10, 0.0}}, {{0.0, 0.0, 0.0, 0.0, 0.0, 0.0, 0.0, 0.0, 0.0, 0.0, 0.0, 0.0, 0.0, 0.0, 0.0, 0.0, 0.0, 0.0, 0.0, 0.0, 0.0}, {2.2e-10, 0.0, 0.0, 0.0, 0.0, 0.0, 0.0, 0.0, 0.0, 0.0, 0.0, 0.0, 0.0, 0.0, 0.0, 0.0, 0.0, 0.0, 0.0, 0.0, 0.0}, {1.3e-10, 4e-10, 0.0, 0.0, 0.0, 0.0, 0.0, 0.0, 0.0, 0.0, 0.0, 0.0, 0.0, 0.0, 0.0, 0.0, 0.0, 0.0, 0.0, 0.0, 0.0}, {7.3e-11, 2.6e-10, 4e-10, 0.0, 0.0, 0.0, 0.0, 0.0, 0.0, 0.0, 0.0, 0.0, 0.0, 0.0, 0.0, 0.0, 0.0, 0.0, 0.0, 0.0, 0.0}, {7.4e-11, 1.5e-10, 2.9e-10, 3.8e-10, 0.0, 0.0, 0.0, 0.0, 0.0, 0.0, 0.0, 0.0, 0.0, 0.0, 0.0, 0.0, 0.0, 0.0, 0.0, 0.0, 0.0}, {3.5e-11, 1.5e-10, 1.8e-10, 2.7e-10, 3.1e-10, 0.0, 0.0, 0.0, 0.0, 0.0, 0.0, 0.0, 0.0, 0.0, 0.0, 0.0, 0.0, 0.0, 0.0, 0.0, 0.0}, {2.9e-11, 1e-10, 2.2e-10, 1.9e-10, 2.8e-10, 2.8e-10, 0.0, 0.0, 0.0, 0.0, 0.0, 0.0, 0.0, 0.0, 0.0, 0.0, 0.0, 0.0, 0.0, 0.0, 0.0}, {2e-11, 3e-11, 1e-10, 2e-10, 2e-10, 2.7e-10, 2.8e-10, 0.0, 0.0, 0.0, 0.0, 0.0, 0.0, 0.0, 0.0, 0.0, 0.0, 0.0, 0.0, 0.0, 0.0}, {1.5e-11, 2e-11, 3e-11, 1e-10, 2e-10, 2e-10, 2.7e-10, 2.8e-10, 0.0, 0.0, 0.0, 0.0, 0.0, 0.0, 0.0, 0.0, 0.0, 0.0, 0.0, 0.0, 0.0}, {1e-11, 1.5e-11, 2e-11, 3e-11, 1e-10, 2e-10, 2e-10, 2.7e-10, 2.8e-10, 0.0, 0.0, 0.0, 0.0, 0.0, 0.0, 0.0, 0.0, 0.0, 0.0, 0.0, 0.0}, {9e-12, 1e-11, 1.5e-11, 2e-11, 3e-11, 1e-10, 2e-10, 2e-10, 2.7e-10, 2.8e-10, 0.0, 0.0, 0.0, 0.0, 0.0, 0.0, 0.0, 0.0, 0.0, 0.0, 0.0}, {8e-12, 9e-12, 1e-11, 1.5e-11, 2e-11, 3e-11, 1e-10, 2e-10, 2e-10, 2.7e-10, 2.8e-10, 0.0, 0.0, 0.0, 0.0, 0.0, 0.0, 0.0, 0.0, 0.0, 0.0}, {7e-12, 8e-12, 9e-12, 1e-11, 1.5e-11, 2e-11, 3e-11, 1e-10, 2e-10, 2e-10, 2.7e-10, 2.8e-10, 0.0, 0.0, 0.0, 0.0, 0.0, 0.0, 0.0, 0.0, 0.0}, {6e-12, 7e-12, 8e-12, 9e-12, 1e-11, 1.5e-11, 2e-11, 3e-11, 1e-10, 2e-10, 2e-10, 2.7e-10, 2.8e-10, 0.0, 0.0, 0.0, 0.0, 0.0, 0.0, 0.0, 0.0}, {5e-12, 6e-12, 7e-12, 8e-12, 9e-12, 1e-11, 1.5e-11, 2e-11, 3e-11, 1e-10, 2e-10, 2e-10, 2.7e-10, 2.8e-10, 0.0, 0.0, 0.0, 0.0, 0.0, 0.0, 0.0}, {4.5e-12, 5e-12, 6e-12, 7e-12, 8e-12, 9e-12, 1e-11, 1.5e-11, 2e-11, 3e-11, 1e-10, 2e-10, 2e-10, 2.7e-10, 2.8e-10, 0.0, 0.0, 0.0, 0.0, 0.0, 0.0}, {4e-12, 4.5e-12, 5e-12, 6e-12, 7e-12, 8e-12, 9e-12, 1e-11, 1.5e-11, 2e-11, 3e-11, 1e-10, 2e-10, 2e-10, 2.7e-10, 2.8e-10, 0.0, 0.0, 0.0, 0.0, 0.0}, {3.5e-12, 4e-12, 4.5e-12, 5e-12, 6e-12, 7e-12, 8e-12, 9e-12, 1e-11, 1.5e-11, 2e-11, 3e-11, 1e-10, 2e-10, 2e-10, 2.7e-10, 2.8e-10, 0.0, 0.0, 0.0, 0.0}, {3e-12, 3.5e-12, 4e-12, 4.5e-12, 5e-12, 6e-12, 7e-12, 8e-12, 9e-12, 1e-11, 1.5e-11, 2e-11, 3e-11, 1e-10, 2e-10, 2e-10, 2.7e-10, 2.8e-10, 0.0, 0.0, 0.0}, {2.5e-12, 3e-12, 3.5e-12, 4e-12, 4.5e-12, 5e-12, 6e-12, 7e-12, 8e-12, 9e-12, 1e-11, 1.5e-11, 2e-11, 3e-11, 1e-10, 2e-10, 2e-10, 2.7e-10, 2.8e-10, 0.0, 0.0}, {2e-12, 2.5e-12, 3e-12, 3.5e-12, 4e-12, 4.5e-12, 5e-12, 6e-12, 7e-12, 8e-12, 9e-12, 1e-11, 1.5e-11, 2e-11, 3e-11, 1e-10, 2e-10, 2e-10, 2.7e-10, 2.8e-10, 0.0}}, {{0.0, 0.0, 0.0, 0.0, 0.0, 0.0, 0.0, 0.0, 0.0, 0.0, 0.0, 0.0, 0.0, 0.0, 0.0, 0.0, 0.0, 0.0, 0.0, 0.0, 0.0}, {2.1e-10, 0.0, 0.0, 0.0, 0.0, 0.0, 0.0, 0.0, 0.0, 0.0, 0.0, 0.0, 0.0, 0.0, 0.0, 0.0, 0.0, 0.0, 0.0, 0.0, 0.0}, {1.2e-10, 3.7e-10, 0.0, 0.0, 0.0, 0.0, 0.0, 0.0, 0.0, 0.0, 0.0, 0.0, 0.0, 0.0, 0.0, 0.0, 0.0, 0.0, 0.0, 0.0, 0.0}, {6.3e-11, 2.3e-10, 3.9e-10, 0.0, 0.0, 0.0, 0.0, 0.0, 0.0, 0.0, 0.0, 0.0, 0.0, 0.0, 0.0, 0.0, 0.0, 0.0, 0.0, 0.0, 0.0}, {6.7e-11, 1.4e-10, 2.8e-10, 3.7e-10, 0.0, 0.0, 0.0, 0.0, 0.0, 0.0, 0.0, 0.0, 0.0, 0.0, 0.0, 0.0, 0.0, 0.0, 0.0, 0.0, 0.0}, {3.6e-11, 1.5e-10, 1.8e-10, 2.6e-10, 3.2e-10, 0.0, 0.0, 0.0, 0.0, 0.0, 0.0, 0.0, 0.0, 0.0, 0.0, 0.0, 0.0, 0.0, 0.0, 0.0, 0.0}, {2.7e-11, 9.4e-11, 2.1e-10, 1.8e-10, 2.7e-10, 2.8e-10, 0.0, 0.0, 0.0, 0.0, 0.0, 0.0, 0.0, 0.0, 0.0, 0.0, 0.0, 0.0, 0.0, 0.0, 0.0}, {2e-11, 3e-11, 1e-10, 2e-10, 2e-10, 2.7e-10, 2.8e-10, 0.0, 0.0, 0.0, 0.0, 0.0, 0.0, 0.0, 0.0, 0.0, 0.0, 0.0, 0.0, 0.0, 0.0}, {1.5e-11, 2e-11, 3e-11, 1e-10, 2e-10, 2e-10, 2.7e-10, 2.8e-10, 0.0, 0.0, 0.0, 0.0, 0.0, 0.0, 0.0, 0.0, 0.0, 0.0, 0.0, 0.0, 0.0}, {1e-11, 1.5e-11, 2e-11, 3e-11, 1e-10, 2e-10, 2e-10, 2.7e-10, 2.8e-10, 0.0, 0.0, 0.0, 0.0, 0.0, 0.0, 0.0, 0.0, 0.0, 0.0, 0.0, 0.0}, {9e-12, 1e-11, 1.5e-11, 2e-11, 3e-11, 1e-10, 2e-10, 2e-10, 2.7e-10, 2.8e-10, 0.0, 0.0, 0.0, 0.0, 0.0, 0.0, 0.0, 0.0, 0.0, 0.0, 0.0}, {8e-12, 9e-12, 1e-11, 1.5e-11, 2e-11, 3e-11, 1e-10, 2e-10, 2e-10, 2.7e-10, 2.8e-10, 0.0, 0.0, 0.0, 0.0, 0.0, 0.0, 0.0, 0.0, 0.0, 0.0}, {7e-12, 8e-12, 9e-12, 1e-11, 1.5e-11, 2e-11, 3e-11, 1e-10, 2e-10, 2e-10, 2.7e-10, 2.8e-10, 0.0, 0.0, 0.0, 0.0, 0.0, 0.0, 0.0, 0.0, 0.0}, {6e-12, 7e-12, 8e-12, 9e-12, 1e-11, 1.5e-11, 2e-11, 3e-11, 1e-10, 2e-10, 2e-10, 2.7e-10, 2.8e-10, 0.0, 0.0, 0.0, 0.0, 0.0, 0.0, 0.0, 0.0}, {5e-12, 6e-12, 7e-12, 8e-12, 9e-12, 1e-11, 1.5e-11, 2e-11, 3e-11, 1e-10, 2e-10, 2e-10, 2.7e-10, 2.8e-10, 0.0, 0.0, 0.0, 0.0, 0.0, 0.0, 0.0}, {4.5e-12, 5e-12, 6e-12, 7e-12, 8e-12, 9e-12, 1e-11, 1.5e-11, 2e-11, 3e-11, 1e-10, 2e-10, 2e-10, 2.7e-10, 2.8e-10, 0.0, 0.0, 0.0, 0.0, 0.0, 0.0}, {4e-12, 4.5e-12, 5e-12, 6e-12, 7e-12, 8e-12, 9e-12, 1e-11, 1.5e-11, 2e-11, 3e-11, 1e-10, 2e-10, 2e-10, 2.7e-10, 2.8e-10, 0.0, 0.0, 0.0, 0.0, 0.0}, {3.5e-12, 4e-12, 4.5e-12, 5e-12, 6e-12, 7e-12, 8e-12, 9e-12, 1e-11, 1.5e-11, 2e-11, 3e-11, 1e-10, 2e-10, 2e-10, 2.7e-10, 2.8e-10, 0.0, 0.0, 0.0, 0.0}, {3e-12, 3.5e-12, 4e-12, 4.5e-12, 5e-12, 6e-12, 7e-12, 8e-12, 9e-12, 1e-11, 1.5e-11, 2e-11, 3e-11, 1e-10, 2e-10, 2e-10, 2.7e-10, 2.8e-10, 0.0, 0.0, 0.0}, {2.5e-12, 3e-12, 3.5e-12, 4e-12, 4.5e-12, 5e-12, 6e-12, 7e-12, 8e-12, 9e-12, 1e-11, 1.5e-11, 2e-11, 3e-11, 1e-10, 2e-10, 2e-10, 2.7e-10, 2.8e-10, 0.0, 0.0}, {2e-12, 2.5e-12, 3e-12, 3.5e-12, 4e-12, 4.5e-12, 5e-12, 6e-12, 7e-12, 8e-12, 9e-12, 1e-11, 1.5e-11, 2e-11, 3e-11, 1e-10, 2e-10, 2e-10, 2.7e-10, 2.8e-10, 0.0}}, {{0.0, 0.0, 0.0, 0.0, 0.0, 0.0, 0.0, 0.0, 0.0, 0.0, 0.0, 0.0, 0.0, 0.0, 0.0, 0.0, 0.0, 0.0, 0.0, 0.0, 0.0}, {2e-10, 0.0, 0.0, 0.0, 0.0, 0.0, 0.0, 0.0, 0.0, 0.0, 0.0, 0.0, 0.0, 0.0, 0.0, 0.0, 0.0, 0.0, 0.0, 0.0, 0.0}, {1.2e-10, 3.5e-10, 0.0, 0.0, 0.0, 0.0, 0.0, 0.0, 0.0, 0.0, 0.0, 0.0, 0.0, 0.0, 0.0, 0.0, 0.0, 0.0, 0.0, 0.0, 0.0}, {6.6e-11, 2.1e-10, 3.7e-10, 0.0, 0.0, 0.0, 0.0, 0.0, 0.0, 0.0, 0.0, 0.0, 0.0, 0.0, 0.0, 0.0, 0.0, 0.0, 0.0, 0.0, 0.0}, {6.7e-11, 1.4e-10, 2.7e-10, 3.8e-10, 0.0, 0.0, 0.0, 0.0, 0.0, 0.0, 0.0, 0.0, 0.0, 0.0, 0.0, 0.0, 0.0, 0.0, 0.0, 0.0, 0.0}, {3.7e-11, 1.4e-10, 1.8e-10, 2.5e-10, 3.2e-10, 0.0, 0.0, 0.0, 0.0, 0.0, 0.0, 0.0, 0.0, 0.0, 0.0, 0.0, 0.0, 0.0, 0.0, 0.0, 0.0}, {2.5e-11, 8.9e-11, 2e-10, 1.8e-10, 2.6e-10, 2.8e-10, 0.0, 0.0, 0.0, 0.0, 0.0, 0.0, 0.0, 0.0, 0.0, 0.0, 0.0, 0.0, 0.0, 0.0, 0.0}, {2e-11, 3e-11, 1e-10, 2e-10, 2e-10, 2.7e-10, 2.8e-10, 0.0, 0.0, 0.0, 0.0, 0.0, 0.0, 0.0, 0.0, 0.0, 0.0, 0.0, 0.0, 0.0, 0.0}, {1.5e-11, 2e-11, 3e-11, 1e-10, 2e-10, 2e-10, 2.7e-10, 2.8e-10, 0.0, 0.0, 0.0, 0.0, 0.0, 0.0, 0.0, 0.0, 0.0, 0.0, 0.0, 0.0, 0.0}, {1e-11, 1.5e-11, 2e-11, 3e-11, 1e-10, 2e-10, 2e-10, 2.7e-10, 2.8e-10, 0.0, 0.0, 0.0, 0.0, 0.0, 0.0, 0.0, 0.0, 0.0, 0.0, 0.0, 0.0}, {9e-12, 1e-11, 1.5e-11, 2e-11, 3e-11, 1e-10, 2e-10, 2e-10, 2.7e-10, 2.8e-10, 0.0, 0.0, 0.0, 0.0, 0.0, 0.0, 0.0, 0.0, 0.0, 0.0, 0.0}, {8e-12, 9e-12, 1e-11, 1.5e-11, 2e-11, 3e-11, 1e-10, 2e-10, 2e-10, 2.8e-10, 2.8e-10, 0.0, 0.0, 0.0, 0.0, 0.0, 0.0, 0.0, 0.0, 0.0, 0.0}, {7e-12, 8e-12, 9e-12, 1e-11, 1.5e-11, 2e-11, 3e-11, 1e-10, 2e-10, 2e-10, 2.7e-10, 2.8e-10, 0.0, 0.0, 0.0, 0.0, 0.0, 0.0, 0.0, 0.0, 0.0}, {6e-12, 7e-12, 8e-12, 9e-12, 1e-11, 1.5e-11, 2e-11, 3e-11, 1e-10, 2e-10, 2e-10, 2.7e-10, 2.8e-10, 0.0, 0.0, 0.0, 0.0, 0.0, 0.0, 0.0, 0.0}, {5e-12, 6e-12, 7e-12, 8e-12, 9e-12, 1e-11, 1.5e-11, 2e-11, 3e-11, 1e-10, 2e-10, 2e-10, 2.7e-10, 2.8e-10, 0.0, 0.0, 0.0, 0.0, 0.0, 0.0, 0.0}, {4.5e-12, 5e-12, 6e-12, 7e-12, 8e-12, 9e-12, 1e-11, 1.5e-11, 2e-11, 3e-11, 1e-10, 2e-10, 2e-10, 2.7e-10, 2.8e-10, 0.0, 0.0, 0.0, 0.0, 0.0, 0.0}, {4e-12, 4.5e-12, 5e-12, 6e-12, 7e-12, 8e-12, 9e-12, 1e-11, 1.5e-11, 2e-11, 3e-11, 1e-10, 2e-10, 2e-10, 2.7e-10, 2.8e-10, 0.0, 0.0, 0.0, 0.0, 0.0}, {3.5e-12, 4e-12, 4.5e-12, 5e-12, 6e-12, 7e-12, 8e-12, 9e-12, 1e-11, 1.5e-11, 2e-11, 3e-11, 1e-10, 2e-10, 2e-10, 2.7e-10, 2.8e-10, 0.0, 0.0, 0.0, 0.0}, {3e-12, 3.5e-12, 4e-12, 4.5e-12, 5e-12, 6e-12, 7e-12, 8e-12, 9e-12, 1e-11, 1.5e-11, 2e-11, 3e-11, 1e-10, 2e-10, 2e-10, 2.7e-10, 2.8e-10, 0.0, 0.0, 0.0}, {2.5e-12, 3e-12, 3.5e-12, 4e-12, 4.5e-12, 5e-12, 6e-12, 7e-12, 8e-12, 9e-12, 1e-11, 1.5e-11, 2e-11, 3e-11, 1e-10, 2e-10, 2e-10, 2.7e-10, 2.8e-10, 0.0, 0.0}, {2e-12, 2.5e-12, 3e-12, 3.5e-12, 4e-12, 4.5e-12, 5e-12, 6e-12, 7e-12, 8e-12, 9e-12, 1e-11, 1.5e-11, 2e-11, 3e-11, 1e-10, 2e-10, 2e-10, 2.7e-10, 2.8e-10, 0.0}}};

