1
8.586511E-01	1.384375E-01	2.911370E-03	2.343381E-11	4.427327E-15	
6.636440E-01	3.133553E-01	2.300065E-02	2.007494E-10	2.478973E-14	
6.522307E-01	3.227087E-01	2.506054E-02	2.259646E-10	2.826021E-14	
6.416786E-01	3.312346E-01	2.708682E-02	2.520269E-10	3.196226E-14	
6.316601E-01	3.392179E-01	2.912195E-02	2.795550E-10	3.603492E-14	
6.268639E-01	3.429524E-01	3.018366E-02	2.935853E-10	3.761702E-14	
6.190582E-01	3.490359E-01	3.190586E-02	3.195293E-10	4.184622E-14	
6.148977E-01	3.522022E-01	3.290004E-02	3.337517E-10	4.356603E-14	
6.039805E-01	3.605732E-01	3.544630E-02	3.749767E-10	5.107667E-14	
5.992413E-01	3.640961E-01	3.666264E-02	3.932526E-10	5.338271E-14	
5.967163E-01	3.659174E-01	3.736628E-02	4.052847E-10	5.505239E-14	
5.873591E-01	3.728689E-01	3.977201E-02	4.481144E-10	6.341081E-14	
5.831682E-01	3.758770E-01	4.095475E-02	4.679160E-10	6.621293E-14	
5.811231E-01	3.772817E-01	4.159521E-02	4.801915E-10	6.802811E-14	
5.782937E-01	3.792549E-01	4.245141E-02	4.971103E-10	7.095807E-14	
5.684660E-01	3.863070E-01	4.522691E-02	5.515825E-10	8.263823E-14	
5.652324E-01	3.885126E-01	4.625504E-02	5.705816E-10	8.537944E-14	
5.630017E-01	3.899875E-01	4.701077E-02	5.870817E-10	8.837263E-14	
5.610143E-01	3.912811E-01	4.770455E-02	6.027329E-10	9.122376E-14	
5.586101E-01	3.928618E-01	4.852810E-02	6.214328E-10	9.486635E-14	
5.499908E-01	3.987839E-01	5.122535E-02	6.807916E-10	1.088867E-13	
5.476177E-01	4.002982E-01	5.208410E-02	6.992434E-10	1.118428E-13	
5.459300E-01	4.013349E-01	5.273513E-02	7.158230E-10	1.152367E-13	
5.438355E-01	4.026416E-01	5.352293E-02	7.358364E-10	1.195467E-13	
5.429014E-01	4.031589E-01	5.393968E-02	7.474361E-10	1.217304E-13	
5.419333E-01	4.036885E-01	5.437816E-02	7.605296E-10	1.244420E-13	
5.345676E-01	4.085382E-01	5.689417E-02	8.226762E-10	1.407180E-13	
5.330287E-01	4.094323E-01	5.753894E-02	8.387967E-10	1.433697E-13	
5.317164E-01	4.101727E-01	5.811088E-02	8.562094E-10	1.475046E-13	
5.310080E-01	4.105107E-01	5.848129E-02	8.688253E-10	1.502760E-13	
5.299229E-01	4.110999E-01	5.897724E-02	8.848057E-10	1.541674E-13	
5.289787E-01	4.115927E-01	5.942855E-02	8.998005E-10	1.577491E-13	
5.283772E-01	4.118601E-01	5.976268E-02	9.122743E-10	1.607254E-13	
5.281619E-01	4.118754E-01	5.996268E-02	9.216743E-10	1.629325E-13	
5.234490E-01	4.148310E-01	6.172005E-02	9.712696E-10	1.771320E-13	
5.223249E-01	4.154331E-01	6.224202E-02	9.876461E-10	1.807852E-13	
5.223103E-01	4.153207E-01	6.236901E-02	9.954813E-10	1.826385E-13	
5.217489E-01	4.155591E-01	6.269196E-02	1.009028E-09	1.863919E-13	
5.217154E-01	4.154599E-01	6.282467E-02	1.017406E-09	1.885317E-13	
5.218178E-01	4.152745E-01	6.290770E-02	1.024878E-09	1.905685E-13	
5.217911E-01	4.151768E-01	6.303210E-02	1.033612E-09	1.931413E-13	
5.218800E-01	4.150150E-01	6.310502E-02	1.040419E-09	1.951531E-13	
5.227510E-01	4.143601E-01	6.288888E-02	1.038735E-09	1.945385E-13	
5.230874E-01	4.140324E-01	6.288019E-02	1.044016E-09	1.961185E-13	
5.236394E-01	4.135710E-01	6.278960E-02	1.047098E-09	1.971285E-13	
5.209713E-01	4.151905E-01	6.383823E-02	1.080947E-09	2.076751E-13	
5.208279E-01	4.151805E-01	6.399159E-02	1.089633E-09	2.099920E-13	
5.215871E-01	4.145974E-01	6.381546E-02	1.090067E-09	2.101914E-13	
5.222822E-01	4.140564E-01	6.366146E-02	1.091476E-09	2.109002E-13	
5.228032E-01	4.136306E-01	6.356622E-02	1.094344E-09	2.120669E-13	
5.238012E-01	4.129006E-01	6.329823E-02	1.092329E-09	2.116941E-13	
5.245823E-01	4.123085E-01	6.310926E-02	1.093008E-09	2.123636E-13	
5.256689E-01	4.115309E-01	6.280020E-02	1.089601E-09	2.117211E-13	
5.266543E-01	4.108144E-01	6.253129E-02	1.087559E-09	2.115214E-13	
5.275810E-01	4.101377E-01	6.228128E-02	1.086301E-09	2.117352E-13	
5.291387E-01	4.090637E-01	6.179762E-02	1.078211E-09	2.100209E-13	
5.320667E-01	4.071203E-01	6.081303E-02	1.053348E-09	2.027740E-13	
5.332822E-01	4.062544E-01	6.046340E-02	1.049049E-09	2.020540E-13	
5.347637E-01	4.052183E-01	6.001805E-02	1.042012E-09	2.005663E-13	
5.343507E-01	4.054390E-01	6.021029E-02	1.052034E-09	2.043343E-13	
5.354426E-01	4.046720E-01	5.988535E-02	1.047190E-09	2.033380E-13	
5.371160E-01	4.035182E-01	5.936579E-02	1.037297E-09	2.008959E-13	
5.387246E-01	4.024025E-01	5.887295E-02	1.028711E-09	1.990738E-13	
5.405121E-01	4.011715E-01	5.831648E-02	1.018284E-09	1.968008E-13	
5.426866E-01	3.996871E-01	5.762629E-02	1.003467E-09	1.930736E-13	
5.443174E-01	3.985562E-01	5.712638E-02	9.946515E-10	1.913872E-13	
5.467737E-01	3.968833E-01	5.634299E-02	9.780524E-10	1.877618E-13	
5.517211E-01	3.935451E-01	5.473382E-02	9.346886E-10	1.752775E-13	
5.536268E-01	3.922141E-01	5.415910E-02	9.237671E-10	1.730223E-13	
5.559160E-01	3.906242E-01	5.345979E-02	9.091421E-10	1.696914E-13	
5.583961E-01	3.889023E-01	5.270160E-02	8.928606E-10	1.659411E-13	
5.608463E-01	3.871986E-01	5.195509E-02	8.764888E-10	1.621054E-13	
5.632593E-01	3.855087E-01	5.123201E-02	8.614458E-10	1.588185E-13	
5.660254E-01	3.835722E-01	5.040233E-02	8.431090E-10	1.545219E-13	
5.688541E-01	3.815908E-01	4.955518E-02	8.260880E-10	1.515532E-13	
5.759526E-01	3.766118E-01	4.743556E-02	7.703844E-10	1.362953E-13	
5.785591E-01	3.747457E-01	4.669513E-02	7.551596E-10	1.331125E-13	
5.802200E-01	3.735609E-01	4.621913E-02	7.461752E-10	1.316631E-13	
5.836022E-01	3.711410E-01	4.525683E-02	7.246779E-10	1.267676E-13	
5.864962E-01	3.690582E-01	4.444563E-02	7.074792E-10	1.231562E-13	
5.901751E-01	3.664031E-01	4.342183E-02	6.864406E-10	1.192632E-13	
5.986349E-01	3.602365E-01	4.112859E-02	6.302851E-10	1.051129E-13	
6.024501E-01	3.574258E-01	4.012405E-02	6.088725E-10	1.005792E-13	
6.057972E-01	3.549440E-01	3.925888E-02	5.914036E-10	9.718359E-14	
6.095267E-01	3.521661E-01	3.830721E-02	5.718930E-10	9.326345E-14	
6.136626E-01	3.490774E-01	3.725992E-02	5.520209E-10	9.011993E-14	
6.241109E-01	3.411634E-01	3.472576E-02	4.944472E-10	7.669665E-14	
6.282425E-01	3.380033E-01	3.375413E-02	4.752881E-10	7.303381E-14	
6.316176E-01	3.354070E-01	3.297539E-02	4.611577E-10	7.070129E-14	
6.369431E-01	3.312997E-01	3.175723E-02	4.388125E-10	6.716193E-14	
6.479663E-01	3.226625E-01	2.937117E-02	3.890665E-10	5.651177E-14	
6.517468E-01	3.196772E-01	2.857594E-02	3.753122E-10	5.433347E-14	
6.569973E-01	3.155176E-01	2.748517E-02	3.567346E-10	5.164669E-14	
6.669684E-01	3.075058E-01	2.552575E-02	3.193513E-10	4.434820E-14	
6.723199E-01	3.031854E-01	2.449467E-02	3.030964E-10	4.225741E-14	
6.838457E-01	2.937423E-01	2.241200E-02	2.656989E-10	3.535415E-14	
6.889167E-01	2.895666E-01	2.151670E-02	2.522469E-10	3.366235E-14	
6.981804E-01	2.818569E-01	1.996275E-02	2.272480E-10	2.972426E-14	
7.079135E-01	2.736734E-01	1.841313E-02	2.033428E-10	2.610189E-14	
7.180793E-01	2.650375E-01	1.688315E-02	1.807208E-10	2.278747E-14	
8.757866E-01	1.218890E-01	2.324416E-03	2.058945E-11	3.898094E-15	
